##FastQC	0.12.1
>>Basic Statistics	pass
#Measure	Value
Filename	SRR034310_10pc.fastq
File type	Conventional base calls
Encoding	Sanger / Illumina 1.9
Total Sequences	891003
Total Bases	32 Mbp
Sequences flagged as poor quality	0
Sequence length	36
%GC	54
>>END_MODULE
>>Per base sequence quality	fail
#Base	Mean	Median	Lower Quartile	Upper Quartile	10th Percentile	90th Percentile
1	39.01344103218508	40.0	40.0	40.0	40.0	40.0
2	38.6680325431003	40.0	40.0	40.0	40.0	40.0
3	37.98540408954852	40.0	40.0	40.0	40.0	40.0
4	38.355592517645846	40.0	40.0	40.0	40.0	40.0
5	33.967743094018765	40.0	30.0	40.0	18.0	40.0
6	19.895599678115563	18.0	13.0	25.0	10.0	36.0
7	27.411467750389168	28.0	20.0	37.0	14.0	40.0
8	12.865249611954168	11.0	10.0	15.0	7.0	20.0
9	18.089143358664337	16.0	12.0	22.0	9.0	33.0
10	17.751172554974563	16.0	11.0	21.0	9.0	32.0
11	36.07972924894754	40.0	40.0	40.0	23.0	40.0
12	37.64008875390992	40.0	40.0	40.0	36.0	40.0
13	37.85104651723956	40.0	40.0	40.0	40.0	40.0
14	37.7556023941558	40.0	40.0	40.0	38.0	40.0
15	37.858719892076685	40.0	40.0	40.0	40.0	40.0
16	37.892148511284475	40.0	40.0	40.0	40.0	40.0
17	37.80213646867631	40.0	40.0	40.0	39.0	40.0
18	37.76382683335522	40.0	40.0	40.0	39.0	40.0
19	37.49129464210558	40.0	40.0	40.0	33.0	40.0
20	37.260002491574106	40.0	40.0	40.0	31.0	40.0
21	37.20851781643833	40.0	40.0	40.0	30.0	40.0
22	36.92483302525356	40.0	40.0	40.0	27.0	40.0
23	36.20192861303497	40.0	40.0	40.0	22.0	40.0
24	36.17725866242875	40.0	40.0	40.0	22.0	40.0
25	35.741710185038656	40.0	40.0	40.0	19.0	40.0
26	35.7692308555639	40.0	40.0	40.0	20.0	40.0
27	34.92257040660918	40.0	38.0	40.0	16.0	40.0
28	34.39679103212896	40.0	35.0	40.0	14.0	40.0
29	33.8807950141582	40.0	32.0	40.0	14.0	40.0
30	33.3476688630678	40.0	30.0	40.0	12.0	40.0
31	32.704180569537925	40.0	28.0	40.0	10.0	40.0
32	31.992529767015373	40.0	26.0	40.0	10.0	40.0
33	31.9270978885593	40.0	25.0	40.0	11.0	40.0
34	31.026158161083632	40.0	23.0	40.0	10.0	40.0
35	30.51150108361027	40.0	22.0	40.0	10.0	40.0
36	29.900525587455935	38.0	20.0	40.0	9.0	40.0
>>END_MODULE
>>Per sequence quality scores	pass
#Quality	Count
0	1739.0
1	2727.0
2	1107.0
3	792.0
4	454.0
5	400.0
6	393.0
7	380.0
8	384.0
9	385.0
10	395.0
11	429.0
12	479.0
13	559.0
14	627.0
15	919.0
16	1162.0
17	1494.0
18	2235.0
19	3036.0
20	4272.0
21	5649.0
22	7311.0
23	9382.0
24	11719.0
25	14106.0
26	17149.0
27	20710.0
28	24134.0
29	28152.0
30	34054.0
31	42621.0
32	54378.0
33	71224.0
34	92714.0
35	115004.0
36	125563.0
37	100994.0
38	54332.0
39	29489.0
40	7950.0
>>END_MODULE
>>Per base sequence content	fail
#Base	G	A	T	C
1	42.26974128537853	0.2659861862781295	0.1696323244693784	57.29464020387397
2	42.084081082940706	25.478117960766973	23.863542793460937	8.574258162831383
3	31.757185826988742	29.096638892843664	22.936002693767048	16.210172586400546
4	35.55804093947512	17.079864884578544	26.656798008777756	20.70529616716858
5	0.6519917636004057	0.12347814877760024	98.94206816853183	0.2824619190901515
6	98.94905085412948	0.2344868775578073	0.2756606466996509	0.5408016216130616
7	0.21673751808972502	0.6801736613603474	0.0860392547033285	99.0170495658466
8	0.6733116055813869	98.8900984983885	0.07890723651709337	0.3576826595130135
9	99.24524119711938	0.2601056707559802	0.32931639706148447	0.16533673506314914
10	98.88070885423087	0.4045780546095544	0.4844304746694777	0.2302826164900903
11	17.490102150555874	38.749698908607314	26.931988967332853	16.828209973503956
12	26.740518675413412	25.897470402842504	22.10166110477207	25.260349816972017
13	30.358641058170903	25.09153160243059	23.04221873961153	21.507608599786973
14	24.6395788245351	26.98935527860133	25.382357397595158	22.988708499268416
15	26.643157720981453	25.704420420447583	22.139412042700506	25.513009815870458
16	28.897932882264165	25.145127831193864	21.41380226438984	24.54313702215213
17	26.45962522257709	27.94516831067522	25.934258500325036	19.660947966422658
18	28.316058250538834	23.915039612447107	22.31493648212521	25.453965654888854
19	29.280069839920024	27.295693355708643	19.799549478236088	23.624687326135238
20	24.250868243056033	27.075612632978874	24.79120889062795	23.88231023333714
21	27.053240602022342	23.28511712208806	24.93727520553041	24.724367070359186
22	27.438329011499246	24.977033185350113	21.847889542066607	25.736748261084035
23	22.047839684144115	28.38813550506866	24.550739778439578	25.013285032347643
24	26.67765135590845	25.324681195387335	22.060013470935775	25.937653977768438
25	27.139689929667192	25.29776407023558	21.049192263730497	26.513353736366728
26	24.83869180666307	25.33920792504582	26.58897191253235	23.233128355758762
27	27.34472602701007	22.58104998954194	23.05974663222101	27.014477351226983
28	27.672194923352688	24.17225995057931	23.0568451051462	25.098700020921804
29	22.688707226267887	29.59001621404803	23.841429999943507	23.879846559740574
30	27.376044266030163	22.321186394705435	24.565228201511697	25.7375411377527
31	26.344875909769	23.676935943221373	22.511075448668684	27.467112698340944
32	22.671132415323665	27.30604164265423	26.320571145749287	23.70225479627282
33	26.853626345811378	22.757546035562868	23.566953833358948	26.821873785266813
34	27.335408674625278	25.549409883671657	22.698772309448074	24.416409132254984
35	23.11925279406102	27.347976768950886	23.719113443902526	25.813656993085566
36	26.685160691312067	23.077244555990923	26.627893974118155	23.60970077857886
>>END_MODULE
>>Per sequence GC content	pass
#GC Content	Count
0	1469.0
1	2401.5
2	3334.0
3	3334.0
4	1996.5
5	659.0
6	659.0
7	500.5
8	342.0
9	342.0
10	313.0
11	284.0
12	284.0
13	270.0
14	256.0
15	237.5
16	219.0
17	219.0
18	216.0
19	213.0
20	213.0
21	274.5
22	336.0
23	336.0
24	471.5
25	607.0
26	1008.0
27	1409.0
28	1409.0
29	2411.0
30	3413.0
31	3413.0
32	5182.0
33	6951.0
34	6951.0
35	10415.0
36	13879.0
37	13879.0
38	17830.5
39	21782.0
40	29275.5
41	36769.0
42	36769.0
43	44976.5
44	53184.0
45	53184.0
46	63917.0
47	74650.0
48	74650.0
49	85891.0
50	97132.0
51	105891.0
52	114650.0
53	114650.0
54	113180.0
55	111710.0
56	111710.0
57	106709.0
58	101708.0
59	101708.0
60	95188.5
61	88669.0
62	88669.0
63	74859.0
64	61049.0
65	52482.5
66	43916.0
67	43916.0
68	34569.5
69	25223.0
70	25223.0
71	19726.0
72	14229.0
73	14229.0
74	10711.0
75	7193.0
76	5282.0
77	3371.0
78	3371.0
79	2383.5
80	1396.0
81	1396.0
82	996.5
83	597.0
84	597.0
85	417.0
86	237.0
87	237.0
88	166.0
89	95.0
90	65.0
91	35.0
92	35.0
93	26.5
94	18.0
95	18.0
96	12.0
97	6.0
98	6.0
99	9.5
100	13.0
>>END_MODULE
>>Per base N content	pass
#Base	N-Count
1	0.2930405397063759
2	0.49988608343630714
3	0.6730617068629399
4	0.7544306809292449
5	0.744778637108966
6	0.7794586550213636
7	0.7320963004613901
8	0.720536294490591
9	0.7572365076211864
10	0.7712656410808942
11	0.7542062147938896
12	0.7533083502524682
13	0.7417483442816691
14	0.743095141093801
15	0.7314229020553241
16	0.7225564897087888
17	0.7270458124158954
18	0.7502780574251714
19	0.7514003881019481
20	0.7571242745535088
21	0.7389425175897276
22	0.7989872087972768
23	0.7350143602210093
24	0.6885498702024573
25	0.7288415414987379
26	0.7313106689876465
27	0.7315351351230018
28	0.7584710713656407
29	0.6698069479002876
30	0.6925902606388531
31	0.6916923960974317
32	0.6784488941114677
33	0.677326563434691
34	0.6742962706073942
35	0.613241481790746
36	0.6365859598676996
>>END_MODULE
>>Sequence Length Distribution	pass
#Length	Count
36	891003.0
>>END_MODULE
>>Sequence Duplication Levels	warn
#Total Deduplicated Percentage	61.73891434477875
#Duplication Level	Percentage of total
1	44.9008105380175
2	18.331493681810404
3	12.11520751813358
4	7.2415998516638185
5	4.316162018647073
6	2.543280028821384
7	1.3964954566012266
8	0.7331368296209115
9	0.5137746740026772
>10	2.7644962060982268
>50	0.8812328601297594
>100	2.9942223625395306
>500	0.8104942860761889
>1k	0.4575936878377366
>5k	0.0
>10k+	0.0
>>END_MODULE
>>Overrepresented sequences	warn
#Sequence	Count	Percentage	Possible Source
CNNNNNNNNNNNNNNNNNNNNNNNNNNNNNNNNNNN	1548	0.173736788765021	No Hit
NNNNNNNNNNNNNNNNNNNNNNNNNNNNNNNNNNNN	1255	0.14085249993546597	No Hit
GNNNNNNNNNNNNNNNNNNNNNNNNNNNNNNNNNNN	1240	0.13916900392030104	No Hit
>>END_MODULE
>>Adapter Content	pass
#Position	Illumina Universal Adapter	Illumina Small RNA 3' Adapter	Illumina Small RNA 5' Adapter	Nextera Transposase Sequence	PolyA	PolyG
1	4.4893227071064854E-4	0.0	0.0	0.0	0.011672239038476863	0.001683496015164932
2	4.4893227071064854E-4	0.0	0.0	0.0	0.01212117130918751	0.0017957290828425941
3	5.611653383883107E-4	0.0	0.0	0.0	0.012906802782931145	0.0019079621505202564
4	5.611653383883107E-4	0.0	0.0	0.0	0.013916900392030106	0.0020201952181979187
5	0.005611653383883107	0.0	0.0	0.0	0.01470253186577374	0.0020201952181979187
6	0.005611653383883107	0.0	0.0	0.0	0.015263697204162052	0.0020201952181979187
7	0.005611653383883107	0.0	0.0	0.0	0.015937095610228023	0.0021324282858755806
8	0.005611653383883107	0.0	0.0	0.0	0.017508358557715292	0.0023568944212309048
9	0.005723886451560769	0.0	0.0	0.0	0.018181756963781267	0.020650884452689835
10	0.005723886451560769	0.0	0.0	0.0	0.020538651385012173	0.021099816723400482
11	0.006060585654593755	0.0	0.0	0.0	0.030751860543679427	0.02188544819714412
12	0.006060585654593755	0.0	0.0	0.0	0.03411885257400929	0.02772156771638255
13	0.00998874302331193	0.0	0.0	0.0	0.03984273902557006	0.02996622906993579
14	0.00998874302331193	0.0	0.0	0.0	0.04915808364281602	0.0314252589497454
15	0.010100976090989592	0.0	0.0	0.0	0.05173944419940225	0.03759807767201682
16	0.010100976090989592	0.0	0.0	0.0	0.06161595415503651	0.0388326414164711
17	0.010213209158667256	0.0	0.0	0.0	0.0652074123207217	0.04478099400338719
18	0.01043767529402258	0.0	0.0	0.0	0.06722760753891963	0.04882138443978303
19	0.010662141429377903	0.0	0.0	0.0	0.06857440435105157	0.05274954180850121
20	0.010774374497055565	0.0	0.0	0.0	0.06913556968943987	0.05577983463579808
21	0.01099884063241089	0.0	0.0	0.0	0.07093129877228248	0.05982022507219392
22	0.01099884063241089	0.0	0.0	0.0	0.07373712546422402	0.06408508164394508
23	0.01099884063241089	0.0	0.0	0.0	0.07441052387029	0.0655441115237547
24	0.011111073700088552	0.0	0.0	0.0	0.07755304976526455	0.07295149399048038
25	0.011447772903121538	0.0	0.0	0.0	0.08069557566023908	0.07710411749455388
>>END_MODULE
